0.0
0.0
0.0
0.0
0.0
0.0
0.0
0.0
0.0
0.0
0.0
0.0
0.0
0.0
0.0
0.0
0.0
0.0
0.0
0.0
0.0
0.0
0.0
0.0
0.0
0.0
0.0
0.0
0.0
0.0
0.0
0.0
0.0
0.0
0.0
0.0
0.0
0.0
0.0
0.0
0.0
0.0
0.0
0.0
0.0
0.0
0.0
0.0
0.0
0.0
0.0
0.0
0.0
0.0
0.0
0.0
0.0
0.0
0.0
0.0
0.0
0.0
0.0
0.0
0.0
0.0
0.0
0.0
0.0
0.0
0.0
0.0
0.0
0.0
0.0
0.0
0.0
0.0
0.0
0.0
0.0
0.0
0.0
0.0
0.0
0.0
0.0
0.0
0.0
0.0
0.0
0.0
0.0
0.0
0.0
0.0
0.0
0.0
0.0
0.0
0.0
0.0
0.0
0.0
0.0
0.0
0.0
0.0
0.0
0.0
0.0
0.0
0.0
0.0
0.0
0.0
0.0
0.0
0.0
0.0
0.0
0.0
0.0
0.0
0.0
0.0
0.0
0.0
0.0
0.0
0.0
0.0
0.0
0.0
0.0
0.0
0.0
0.0
0.0
0.0
0.0
0.0
0.0
0.0
0.0
0.0
0.0
0.0
0.0
0.0
0.0
0.0
0.0
0.0
0.0
0.0
0.0
0.0
0.0
0.0
0.0
0.0
0.0
0.0
0.0
0.0
0.0
0.0
0.0
0.0
0.0
0.0
0.0
0.0
0.0
0.0
0.0
0.0
0.0
0.0
0.0
0.0
0.0
0.0
0.0
0.0
0.0
0.0
0.0
0.0
0.0
0.0
0.0
0.0
0.0
0.0
0.0
0.0
0.0
0.0
0.0
0.0
0.0
0.0
0.0
0.0
0.0
0.0
0.0
0.0
0.0
0.0
0.0
0.0
0.0
0.0
0.0
0.0
0.0
0.0
0.0
0.0
0.0
0.0
0.0
0.0
0.0
0.0
0.0
0.0
0.0
0.0
0.0
0.0
0.0
0.0
0.0
0.0
0.0
0.0
0.0
0.0
0.0
0.0
0.0
0.0
0.0
0.0
0.0
0.0
0.0
0.0
0.0
0.0
0.0
0.0
0.0
0.0
0.0
0.0
0.0
0.0
0.0
0.0
0.0
0.0
0.0
0.0
0.0
0.0
0.0
0.0
0.0
0.0
0.0
0.0
0.0
0.0
0.0
0.0
0.0
0.0
0.0
0.0
0.0
0.0
0.0
0.0
0.0
0.0
0.0
0.0
0.0
0.0
0.0
0.0
0.0
0.0
0.0
0.0
0.0
0.0
0.0
0.0
0.0
0.0
0.0
0.0
0.0
0.0
0.0
0.0
0.0
0.0
0.0
0.0
0.0
0.0
0.0
0.0
0.0
0.0
0.0
0.0
0.0
0.0
0.0
0.0
0.0
0.0
0.0
0.0
0.0
0.0
0.0
0.0
0.0
0.0
0.0
0.0
0.0
0.0
0.0
0.0
0.0
0.0
0.0
0.0
0.0
0.0
0.0
0.0
0.0
0.0
0.0
0.0
0.0
0.0
0.0
0.0
0.0
0.0
0.0
0.0
0.0
0.0
0.0
0.0
0.0
0.0
0.0
0.0
0.0
0.0
0.0
0.0
0.0
0.0
0.0
0.0
0.0
0.0
0.0
0.0
0.0
0.0
0.0
0.0
0.0
0.0
0.0
0.0
0.0
0.0
0.0
0.0
0.0
0.0
0.0
0.0
0.0
0.0
0.0
0.0
0.0
0.0
0.0
0.0
0.0
0.0
0.0
0.0
0.0
0.0
0.0
0.0
0.0
0.0
0.0
0.0
0.0
0.0
0.0
0.0
0.0
0.0
0.0
0.0
0.0
0.0
0.0
0.0
0.0
0.0
0.0
0.0
0.0
0.0
0.0
0.0
0.0
0.0
0.0
0.0
0.0
0.0
0.0
0.0
0.0
0.0
0.0
0.0
0.0
0.0
0.0
0.0
0.0
0.0
0.0
0.0
0.0
0.0
0.0
0.0
0.0
0.0
0.0
0.0
0.0
0.0
0.0
0.0
0.0
0.0
0.0
0.0
0.0
0.0
0.0
0.0
0.0
0.0
0.0
0.0
0.0
0.0
0.0
0.0
0.0
0.0
0.0
0.0
0.0
0.0
0.0
0.0
0.0
0.0
0.0
0.0
0.0
0.0
0.0
0.0
0.0
0.0
0.0
0.0
0.0
0.0
0.0
0.0
0.0
0.0
0.0
0.0
0.0
0.0
0.0
0.0
0.0
0.0
0.0
0.0
0.0
0.0
0.0
0.0
0.0
0.0
0.0
0.0
0.0
0.0
0.0
0.0
0.0
0.0
0.0
0.0
0.0
0.0
0.0
0.0
0.0
0.0
0.0
0.0
0.0
0.0
0.0
0.0
0.0
0.0
0.0
0.0
0.0
0.0
0.0
0.0
0.0
0.0
0.0
0.0
0.0
0.0
0.0
0.0
0.0
0.0
0.0
0.0
0.0
0.0
0.0
0.0
0.0
0.0
0.0
0.0
0.0
0.0
0.0
0.0
0.0
0.0
0.0
0.0
0.0
0.0
0.0
0.0
0.0
0.0
0.0
0.0
0.0
0.0
0.0
0.0
0.0
0.0
0.0
0.0
0.0
0.0
0.0
0.0
0.0
0.0
0.0
0.0
0.0
0.0
0.0
0.0
0.0
0.0
0.0
0.0
0.0
0.0
0.0
0.0
0.0
0.0
0.0
0.0
0.0
0.0
0.0
0.0
0.0
0.0
0.0
0.0
0.0
0.0
0.0
0.0
0.0
0.0
0.0
0.0
0.0
0.0
0.0
0.0
0.0
0.0
0.0
0.0
0.0
0.0
0.0
0.0
0.0
0.0
0.0
0.0
0.0
0.0
0.0
0.0
0.0
0.0
0.0
0.0
0.0
0.0
0.0
0.0
0.0
0.0
0.0
0.0
0.0
0.0
0.0
0.0
0.0
0.0
0.0
0.0
0.0
0.0
0.0
0.0
0.0
0.0
0.0
0.0
0.0
0.0
0.0
0.0
0.0
0.0
0.0
0.0
0.0
0.0
0.0
0.0
0.0
0.0
0.0
0.0
0.0
0.0
0.0
0.0
0.0
0.0
0.0
0.0
0.0
0.0
0.0
0.0
0.0
0.0
0.0
0.0
0.0
0.0
0.0
0.0
0.0
0.0
0.0
0.0
0.0
0.0
0.0
0.0
0.0
0.0
0.0
0.0
0.0
0.0
0.0
0.0
0.0
0.0
0.0
0.0
0.0
0.0
0.0
0.0
0.0
0.0
0.0
0.0
0.0
0.0
0.0
0.0
0.0
0.0
0.0
0.0
0.0
0.0
0.0
0.0
0.0
0.0
0.0
0.0
0.0
0.0
0.0
0.0
0.0
0.0
0.0
0.0
0.0
0.0
0.0
0.0
0.0
0.0
0.0
0.0
0.0
0.0
0.0
0.0
0.0
0.0
0.0
0.0
0.0
0.0
0.0
0.0
0.0
0.0
0.0
0.0
0.0
0.0
0.0
0.0
0.0
0.0
0.0
0.0
0.0
0.0
0.0
0.0
0.0
0.0
0.0
0.0
0.0
0.0
0.0
0.0
0.0
0.0
0.0
0.0
0.0
0.0
0.0
0.0
0.0
0.0
0.0
0.0
0.0
0.0
0.0
0.0
0.0
0.0
0.0
0.0
0.0
0.0
0.0
0.0
0.0
0.0
0.0
0.0
0.0
0.0
0.0
0.0
0.0
0.0
0.0
0.0
0.0
0.0
0.0
0.0
0.0
0.0
0.0
0.0
0.0
0.0
0.0
0.0
0.0
0.0
0.0
0.0
0.0
0.0
0.0
0.0
0.0
0.0
0.0
0.0
0.0
0.0
0.0
0.0
0.0
0.0
0.0
0.0
0.0
0.0
0.0
0.0
0.0
0.0
0.0
0.0
0.0
0.0
0.0
0.0
0.0
0.0
0.0
0.0
0.0
0.0
0.0
0.0
0.0
0.0
0.0
0.0
0.0
0.0
0.0
0.0
0.0
0.0
0.0
0.0
0.0
0.0
0.0
0.0
0.0
0.0
0.0
0.0
0.0
0.0
0.0
0.0
0.0
0.0
0.0
0.0
0.0
0.0
0.0
0.0
0.0
0.0
0.0
0.0
0.0
0.0
0.0
0.0
0.0
0.0
0.0
0.0
0.0
0.0
0.0
0.0
0.0
0.0
0.0
0.0
0.0
0.0
0.0
0.0
0.0
0.0
0.0
0.0
0.0
0.0
0.0
0.0
0.0
0.0
0.0
0.0
0.0
0.0
0.0
0.0
0.0
0.0
0.0
0.0
0.0
0.0
0.0
0.0
0.0
0.0
0.0
0.0
0.0
0.0
0.0
230104.0
0.0
0.0
29240.0
0.0
0.0
0.0
0.0
0.0
0.0
0.0
0.0
0.0
0.0
0.0
0.0
0.0
0.0
0.0
0.0
0.0
0.0
0.0
0.0
0.0
96548.0
0.0
0.0
0.0
0.0
0.0
0.0
0.0
0.0
0.0
0.0
12590.0
0.0
0.0
0.0
0.0
0.0
0.0
0.0
0.0
0.0
0.0
7121.0
0.0
0.0
0.0
0.0
0.0
0.0
0.0
0.0
0.0
0.0
3118.0
0.0
0.0
0.0
0.0
0.0
0.0
0.0
0.0
0.0
0.0
62689.0
0.0
0.0
0.0
0.0
0.0
0.0
0.0
0.0
0.0
0.0
0.0
0.0
0.0
0.0
0.0
0.0
0.0
0.0
0.0
0.0
0.0
113145.0
0.0
0.0
0.0
0.0
0.0
0.0
0.0
0.0
0.0
0.0
4316.0
0.0
0.0
0.0
0.0
0.0
0.0
0.0
0.0
0.0
0.0
21895.0
0.0
0.0
0.0
0.0
0.0
0.0
0.0
0.0
0.0
0.0
36371.0
0.0
0.0
0.0
0.0
0.0
0.0
0.0
0.0
0.0
0.0
31287.0
0.0
0.0
0.0
0.0
0.0
0.0
0.0
0.0
0.0
0.0
23374.0
0.0
0.0
0.0
0.0
0.0
0.0
0.0
0.0
0.0
0.0
146.0
0.0
0.0
0.0
0.0
0.0
0.0
0.0
0.0
0.0
0.0
138.0
0.0
0.0
0.0
0.0
0.0
0.0
0.0
0.0
0.0
0.0
8.0
0.0
0.0
0.0
0.0
0.0
0.0
0.0
0.0
0.0
0.0
0.0
0.0
0.0
0.0
0.0
0.0
0.0
0.0
0.0
0.0
0.0
329654.0
0.0
0.0
0.0
0.0
0.0
0.0
0.0
0.0
0.0
0.0
2883.0
0.0
0.0
0.0
0.0
0.0
0.0
0.0
0.0
0.0
0.0
3126.0
0.0
0.0
0.0
0.0
0.0
0.0
0.0
0.0
0.0
0.0
2206.0
0.0
0.0
0.0
0.0
0.0
0.0
0.0
0.0
0.0
0.0
2509.0
0.0
0.0
0.0
0.0
0.0
0.0
0.0
0.0
0.0
0.0
93241.0
0.0
0.0
0.0
0.0
0.0
0.0
0.0
0.0
0.0
0.0
87475.0
0.0
0.0
0.0
0.0
0.0
0.0
0.0
0.0
0.0
0.0
4757.0
0.0
0.0
0.0
0.0
0.0
0.0
0.0
0.0
0.0
0.0
3965.0
0.0
0.0
0.0
0.0
0.0
0.0
0.0
0.0
0.0
0.0
13409.0
0.0
0.0
0.0
0.0
0.0
0.0
0.0
0.0
0.0
0.0
0.0
0.0
0.0
0.0
0.0
0.0
0.0
0.0
0.0
0.0
0.0
24770.0
0.0
0.0
0.0
0.0
0.0
0.0
0.0
0.0
0.0
0.0
2708.0
0.0
0.0
0.0
0.0
0.0
0.0
0.0
0.0
0.0
0.0
2965.0
0.0
0.0
0.0
0.0
0.0
0.0
0.0
0.0
0.0
0.0
2823.0
0.0
0.0
0.0
0.0
0.0
0.0
0.0
0.0
0.0
0.0
4642.0
0.0
0.0
0.0
0.0
0.0
0.0
0.0
0.0
0.0
0.0
7343.0
0.0
0.0
0.0
0.0
0.0
0.0
0.0
0.0
0.0
0.0
5213.0
0.0
0.0
0.0
0.0
0.0
0.0
0.0
0.0
0.0
0.0
4262.0
0.0
0.0
0.0
0.0
0.0
0.0
0.0
0.0
0.0
0.0
273864.0
0.0
0.0
0.0
0.0
0.0
0.0
0.0
0.0
0.0
0.0
12442.0
0.0
0.0
0.0
0.0
0.0
0.0
0.0
0.0
0.0
0.0
14128.0
0.0
0.0
0.0
0.0
0.0
0.0
0.0
0.0
0.0
0.0
0.0
0.0
0.0
0.0
0.0
0.0
0.0
0.0
0.0
0.0
0.0
195816.0
0.0
0.0
0.0
0.0
0.0
0.0
0.0
0.0
0.0
0.0
4467.0
0.0
0.0
0.0
0.0
0.0
0.0
0.0
0.0
0.0
0.0
3772.0
0.0
0.0
0.0
0.0
0.0
0.0
0.0
0.0
0.0
0.0
1973.0
0.0
0.0
0.0
0.0
0.0
0.0
0.0
0.0
0.0
0.0
2600.0
0.0
0.0
0.0
0.0
0.0
0.0
0.0
0.0
0.0
0.0
81101.0
0.0
0.0
0.0
0.0
0.0
0.0
0.0
0.0
0.0
0.0
3403.0
0.0
0.0
0.0
0.0
0.0
0.0
0.0
0.0
0.0
0.0
4097.0
0.0
0.0
0.0
0.0
0.0
0.0
0.0
0.0
0.0
0.0
3076.0
0.0
0.0
0.0
0.0
0.0
0.0
0.0
0.0
0.0
0.0
2649.0
0.0
0.0
0.0
0.0
0.0
0.0
0.0
0.0
0.0
0.0
0.0
0.0
0.0
0.0
0.0
0.0
0.0
0.0
0.0
0.0
0.0
53199.0
0.0
0.0
0.0
0.0
0.0
0.0
0.0
0.0
0.0
5289.0
0.0
0.0
0.0
0.0
0.0
0.0
0.0
0.0
0.0
0.0
0.0
10078.0
0.0
0.0
0.0
0.0
0.0
0.0
0.0
0.0
0.0
0.0
16802.0
0.0
0.0
0.0
0.0
0.0
0.0
0.0
0.0
0.0
0.0
27762.0
0.0
0.0
0.0
0.0
0.0
0.0
0.0
0.0
0.0
0.0
15202.0
0.0
0.0
0.0
0.0
0.0
0.0
0.0
0.0
0.0
0.0
14135.0
0.0
0.0
0.0
0.0
0.0
0.0
0.0
0.0
0.0
0.0
13051.0
0.0
0.0
0.0
0.0
0.0
0.0
0.0
0.0
0.0
0.0
4103.0
0.0
0.0
0.0
0.0
0.0
0.0
0.0
0.0
0.0
0.0
2943.0
0.0
0.0
0.0
0.0
0.0
0.0
0.0
0.0
0.0
0.0
0.0
0.0
0.0
0.0
0.0
0.0
0.0
0.0
0.0
0.0
0.0
191533.0
0.0
0.0
0.0
0.0
0.0
0.0
0.0
0.0
0.0
0.0
48993.0
0.0
0.0
0.0
0.0
0.0
0.0
0.0
0.0
0.0
0.0
18609.0
0.0
0.0
0.0
0.0
0.0
0.0
0.0
0.0
0.0
0.0
13019.0
0.0
0.0
0.0
0.0
0.0
0.0
0.0
0.0
0.0
0.0
0.0
0.0
0.0
0.0
0.0
0.0
0.0
0.0
0.0
0.0
0.0
68513.0
0.0
0.0
0.0
0.0
0.0
0.0
0.0
0.0
0.0
0.0
21667.0
0.0
0.0
0.0
0.0
0.0
0.0
0.0
0.0
0.0
0.0
25766.0
0.0
0.0
0.0
0.0
0.0
0.0
0.0
0.0
0.0
0.0
0.0
0.0
0.0
0.0
0.0
0.0
0.0
0.0
0.0
0.0
0.0
179446.0
0.0
0.0
0.0
0.0
0.0
0.0
0.0
0.0
0.0
0.0
4713.0
0.0
0.0
0.0
0.0
0.0
0.0
0.0
0.0
0.0
0.0
1882.0
0.0
0.0
0.0
0.0
0.0
0.0
0.0
0.0
0.0
0.0
1545.0
0.0
0.0
0.0
0.0
0.0
0.0
0.0
0.0
0.0
0.0
2349.0
0.0
0.0
0.0
0.0
0.0
0.0
0.0
0.0
0.0
0.0
917.0
0.0
0.0
0.0
0.0
0.0
0.0
0.0
0.0
0.0
0.0
0.0
0.0
0.0
0.0
0.0
0.0
0.0
0.0
0.0
0.0
0.0
27362.0
0.0
0.0
0.0
0.0
0.0
0.0
0.0
0.0
0.0
0.0
48701.0
0.0
0.0
0.0
0.0
0.0
0.0
0.0
0.0
0.0
0.0
19742.0
0.0
0.0
0.0
0.0
0.0
0.0
0.0
0.0
0.0
20376.0
0.0
0.0
0.0
0.0
0.0
0.0
0.0
0.0
0.0
0.0
0.0
56782.0
0.0
0.0
0.0
0.0
0.0
0.0
0.0
0.0
0.0
0.0
22008.0
0.0
0.0
0.0
0.0
0.0
0.0
0.0
0.0
0.0
0.0
14718.0
0.0
0.0
0.0
0.0
0.0
0.0
0.0
0.0
0.0
0.0
27334.0
0.0
0.0
0.0
0.0
0.0
0.0
0.0
0.0
0.0
0.0
12053.0
0.0
0.0
0.0
0.0
0.0
0.0
0.0
0.0
0.0
0.0
4246.0
0.0
0.0
0.0
0.0
0.0
0.0
0.0
0.0
0.0
0.0
0.0
0.0
0.0
0.0
0.0
0.0
0.0
0.0
0.0
0.0
0.0
228211.0
0.0
0.0
0.0
0.0
0.0
0.0
0.0
0.0
0.0
0.0
65548.0
0.0
0.0
0.0
0.0
0.0
0.0
0.0
0.0
0.0
0.0
35491.0
0.0
0.0
0.0
0.0
0.0
0.0
0.0
0.0
0.0
0.0
27664.0
0.0
0.0
0.0
0.0
0.0
0.0
0.0
0.0
0.0
0.0
33659.0
0.0
0.0
0.0
0.0
0.0
0.0
0.0
0.0
0.0
0.0
32157.0
0.0
0.0
0.0
0.0
0.0
0.0
0.0
0.0
0.0
0.0
30614.0
0.0
0.0
0.0
0.0
0.0
0.0
0.0
0.0
0.0
0.0
22531.0
0.0
0.0
0.0
0.0
0.0
0.0
0.0
0.0
0.0
0.0
28605.0
0.0
0.0
0.0
0.0
0.0
0.0
0.0
0.0
0.0
0.0
26495.0
0.0
0.0
0.0
0.0
0.0
0.0
0.0
0.0
0.0
0.0
0.0
0.0
0.0
0.0
0.0
0.0
0.0
0.0
0.0
0.0
0.0
71823.0
0.0
0.0
0.0
0.0
0.0
0.0
0.0
0.0
0.0
0.0
42065.0
0.0
0.0
0.0
0.0
0.0
0.0
0.0
0.0
0.0
0.0
0.0
0.0
0.0
0.0
0.0
0.0
0.0
0.0
0.0
0.0
0.0
134910.0
0.0
0.0
0.0
0.0
0.0
0.0
0.0
0.0
0.0
0.0
10050.0
0.0
0.0
0.0
0.0
0.0
0.0
0.0
0.0
0.0
0.0
13005.0
0.0
0.0
0.0
0.0
0.0
0.0
0.0
0.0
0.0
0.0
8320.0
0.0
0.0
0.0
0.0
0.0
0.0
0.0
0.0
0.0
0.0
6728.0
0.0
0.0
0.0
0.0
0.0
0.0
0.0
0.0
0.0
0.0
7054.0
0.0
0.0
0.0
0.0
0.0
0.0
0.0
0.0
0.0
0.0
6397.0
0.0
0.0
0.0
0.0
0.0
0.0
0.0
0.0
0.0
0.0
0.0
0.0
0.0
0.0
0.0
0.0
0.0
0.0
0.0
0.0
0.0
11202.0
0.0
0.0
0.0
0.0
0.0
0.0
0.0
0.0
0.0
0.0
14936.0
0.0
0.0
0.0
0.0
0.0
0.0
0.0
0.0
0.0
0.0
37318.0
0.0
0.0
0.0
0.0
0.0
0.0
0.0
0.0
0.0
0.0
24363.0
0.0
0.0
0.0
0.0
0.0
0.0
0.0
0.0
0.0
0.0
13537.0
0.0
0.0
0.0
0.0
0.0
0.0
0.0
0.0
0.0
0.0
10317.0
0.0
0.0
0.0
0.0
0.0
0.0
0.0
0.0
0.0
0.0
12027.0
0.0
0.0
0.0
0.0
0.0
0.0
0.0
0.0
0.0
0.0
9631.0
0.0
0.0
0.0
0.0
0.0
0.0
0.0
0.0
0.0
0.0
10857.0
0.0
0.0
0.0
0.0
0.0
0.0
0.0
0.0
0.0
0.0
8798.0
0.0
0.0
0.0
0.0
0.0
0.0
0.0
0.0
0.0
0.0
0.0
0.0
0.0
0.0
0.0
0.0
0.0
0.0
0.0
0.0
0.0
133850.0
0.0
0.0
0.0
0.0
0.0
0.0
0.0
0.0
0.0
0.0
3264.0
0.0
0.0
0.0
0.0
0.0
0.0
0.0
0.0
0.0
0.0
3345.0
0.0
0.0
0.0
0.0
0.0
0.0
0.0
0.0
0.0
0.0
2698.0
0.0
0.0
0.0
0.0
0.0
0.0
0.0
0.0
0.0
0.0
0.0
0.0
0.0
0.0
0.0
0.0
0.0
0.0
0.0
0.0
0.0
5711.0
0.0
0.0
0.0
0.0
0.0
0.0
0.0
0.0
0.0
0.0
7190.0
0.0
0.0
0.0
0.0
0.0
0.0
0.0
0.0
0.0
0.0
6878.0
0.0
0.0
0.0
0.0
0.0
0.0
0.0
0.0
0.0
0.0
7524.0
0.0
0.0
0.0
0.0
0.0
0.0
0.0
0.0
0.0
0.0
7327.0
0.0
0.0
0.0
0.0
0.0
0.0
0.0
0.0
0.0
0.0
10775.0
0.0
0.0
0.0
0.0
0.0
0.0
0.0
0.0
0.0
0.0
5368.0
0.0
0.0
0.0
0.0
0.0
0.0
0.0
0.0
0.0
0.0
4845.0
0.0
0.0
0.0
0.0
0.0
0.0
0.0
0.0
0.0
0.0
3421.0
0.0
0.0
0.0
0.0
0.0
0.0
0.0
0.0
0.0
0.0
3115.0
0.0
0.0
0.0
0.0
0.0
0.0
0.0
0.0
0.0
0.0
0.0
0.0
0.0
0.0
0.0
0.0
0.0
0.0
0.0
0.0
0.0
7205.0
0.0
0.0
0.0
0.0
0.0
0.0
0.0
0.0
0.0
3650.0
0.0
0.0
0.0
0.0
0.0
0.0
0.0
0.0
0.0
0.0
0.0
70059.0
0.0
0.0
0.0
0.0
0.0
0.0
0.0
0.0
0.0
0.0
5346.0
0.0
0.0
0.0
0.0
0.0
0.0
0.0
0.0
0.0
0.0
2005.0
0.0
0.0
0.0
0.0
0.0
0.0
0.0
0.0
0.0
0.0
2430.0
0.0
0.0
0.0
0.0
0.0
0.0
0.0
0.0
0.0
0.0
1846.0
0.0
0.0
0.0
0.0
0.0
0.0
0.0
0.0
0.0
0.0
3627.0
0.0
0.0
0.0
0.0
0.0
0.0
0.0
0.0
0.0
0.0
1917.0
0.0
0.0
0.0
0.0
0.0
0.0
0.0
0.0
0.0
0.0
2011.0
0.0
0.0
0.0
0.0
0.0
0.0
0.0
0.0
0.0
0.0
0.0
0.0
0.0
0.0
0.0
0.0
0.0
0.0
0.0
0.0
0.0
4793.0
0.0
0.0
0.0
0.0
0.0
0.0
0.0
0.0
0.0
0.0
2344.0
0.0
0.0
0.0
0.0
0.0
0.0
0.0
0.0
0.0
0.0
3490.0
0.0
0.0
0.0
0.0
0.0
0.0
0.0
0.0
0.0
0.0
2927.0
0.0
0.0
0.0
0.0
0.0
0.0
0.0
0.0
0.0
0.0
7303.0
0.0
0.0
0.0
0.0
0.0
0.0
0.0
0.0
0.0
0.0
6680.0
0.0
0.0
0.0
0.0
0.0
0.0
0.0
0.0
0.0
0.0
4924.0
0.0
0.0
0.0
0.0
0.0
0.0
0.0
0.0
0.0
0.0
9122.0
0.0
0.0
0.0
0.0
0.0
0.0
0.0
0.0
0.0
0.0
6720.0
0.0
0.0
0.0
0.0
0.0
0.0
0.0
0.0
0.0
0.0
3213.0
0.0
0.0
0.0
0.0
0.0
0.0
0.0
0.0
0.0
0.0
78117.0
0.0
0.0
0.0
0.0
0.0
0.0
0.0
0.0
0.0
0.0
1393.0
0.0
0.0
0.0
0.0
0.0
0.0
0.0
0.0
0.0
0.0
1412.0
0.0
0.0
0.0
0.0
0.0
0.0
0.0
0.0
0.0
0.0
1417.0
0.0
0.0
0.0
0.0
0.0
0.0
0.0
0.0
0.0
0.0
711.0
0.0
0.0
0.0
0.0
0.0
0.0
0.0
0.0
0.0
0.0
0.0
0.0
0.0
0.0
0.0
0.0
0.0
0.0
0.0
0.0
0.0
2300.0
0.0
0.0
0.0
0.0
0.0
0.0
0.0
0.0
0.0
0.0
1691.0
0.0
0.0
0.0
0.0
0.0
0.0
0.0
0.0
0.0
0.0
773.0
0.0
0.0
0.0
0.0
0.0
0.0
0.0
0.0
0.0
0.0
0.0
0.0
0.0
0.0
0.0
0.0
0.0
0.0
0.0
0.0
0.0
159440.0
0.0
0.0
0.0
0.0
0.0
0.0
0.0
0.0
0.0
0.0
0.0
0.0
0.0
0.0
0.0
0.0
0.0
0.0
0.0
0.0
0.0
10208.0
0.0
0.0
0.0
0.0
0.0
0.0
0.0
0.0
0.0
0.0
14339.0
0.0
0.0
0.0
0.0
0.0
0.0
0.0
0.0
0.0
0.0
11817.0
0.0
0.0
0.0
0.0
0.0
0.0
0.0
0.0
0.0
0.0
19929.0
0.0
0.0
0.0
0.0
0.0
0.0
0.0
0.0
0.0
0.0
9718.0
0.0
0.0
0.0
0.0
0.0
0.0
0.0
0.0
0.0
0.0
10006.0
0.0
0.0
0.0
0.0
0.0
0.0
0.0
0.0
0.0
0.0
11888.0
0.0
0.0
0.0
0.0
0.0
0.0
0.0
0.0
0.0
0.0
11492.0
0.0
0.0
0.0
0.0
0.0
0.0
0.0
0.0
0.0
0.0
111243.0
0.0
0.0
0.0
0.0
0.0
0.0
0.0
0.0
0.0
0.0
33286.0
0.0
0.0
0.0
0.0
0.0
0.0
0.0
0.0
0.0
0.0
55624.0
0.0
0.0
0.0
0.0
0.0
0.0
0.0
0.0
0.0
0.0
39088.0
0.0
0.0
0.0
0.0
0.0
0.0
0.0
0.0
0.0
0.0
19243.0
0.0
0.0
0.0
0.0
0.0
0.0
0.0
0.0
0.0
0.0
0.0
0.0
0.0
0.0
0.0
0.0
0.0
0.0
0.0
0.0
0.0
11231.0
0.0
0.0
0.0
0.0
0.0
0.0
0.0
0.0
0.0
0.0
13145.0
0.0
0.0
0.0
0.0
0.0
0.0
0.0
0.0
0.0
0.0
20516.0
0.0
0.0
0.0
0.0
0.0
0.0
0.0
0.0
0.0
0.0
31736.0
0.0
0.0
0.0
0.0
0.0
0.0
0.0
0.0
0.0
0.0
35189.0
0.0
0.0
0.0
0.0
0.0
0.0
0.0
0.0
0.0
0.0
204822.0
0.0
0.0
0.0
0.0
0.0
0.0
0.0
0.0
0.0
0.0
8323.0
0.0
0.0
0.0
0.0
0.0
0.0
0.0
0.0
0.0
0.0
3970.0
0.0
0.0
0.0
0.0
0.0
0.0
0.0
0.0
0.0
0.0
1721.0
0.0
0.0
0.0
0.0
0.0
0.0
0.0
0.0
0.0
0.0
79356.0
0.0
0.0
0.0
0.0
0.0
0.0
0.0
0.0
0.0
0.0
0.0
0.0
0.0
0.0
0.0
0.0
0.0
0.0
0.0
0.0
0.0
31049.0
0.0
0.0
0.0
0.0
0.0
0.0
0.0
0.0
0.0
133050.0
0.0
0.0
0.0
0.0
0.0
0.0
0.0
0.0
0.0
0.0
0.0
6021.0
0.0
0.0
0.0
0.0
0.0
0.0
0.0
0.0
0.0
0.0
2871.0
0.0
0.0
0.0
0.0
0.0
0.0
0.0
0.0
0.0
0.0
0.0
0.0
0.0
0.0
0.0
0.0
0.0
0.0
0.0
0.0
0.0
96500.0
0.0
0.0
0.0
0.0
0.0
0.0
0.0
0.0
0.0
0.0
6261.0
0.0
0.0
0.0
0.0
0.0
0.0
0.0
0.0
0.0
0.0
6801.0
0.0
0.0
0.0
0.0
0.0
0.0
0.0
0.0
0.0
0.0
2382.0
0.0
0.0
0.0
0.0
0.0
0.0
0.0
0.0
0.0
0.0
129007.0
0.0
0.0
0.0
0.0
0.0
0.0
0.0
0.0
0.0
0.0
22951.0
0.0
0.0
0.0
0.0
0.0
0.0
0.0
0.0
0.0
0.0
39468.0
0.0
0.0
0.0
0.0
0.0
0.0
0.0
0.0
0.0
0.0
0.0
0.0
0.0
0.0
0.0
0.0
0.0
0.0
0.0
0.0
0.0
58758.0
0.0
0.0
0.0
0.0
0.0
0.0
0.0
0.0
0.0
0.0
29084.0
0.0
0.0
0.0
0.0
0.0
0.0
0.0
0.0
0.0
0.0
14714.0
0.0
0.0
0.0
0.0
0.0
0.0
0.0
0.0
0.0
0.0
14055.0
0.0
0.0
0.0
0.0
0.0
0.0
0.0
0.0
0.0
0.0
241073.0
0.0
0.0
0.0
0.0
0.0
0.0
0.0
0.0
0.0
0.0
40307.0
0.0
0.0
0.0
0.0
0.0
0.0
0.0
0.0
0.0
0.0
32692.0
0.0
0.0
0.0
0.0
0.0
0.0
0.0
0.0
0.0
0.0
22556.0
0.0
0.0
0.0
0.0
0.0
0.0
0.0
0.0
0.0
0.0
18540.0
0.0
0.0
0.0
0.0
0.0
0.0
0.0
0.0
0.0
0.0
0.0
0.0
0.0
0.0
0.0
0.0
0.0
0.0
0.0
0.0
0.0
26959.0
0.0
0.0
0.0
0.0
0.0
0.0
0.0
0.0
0.0
0.0
14044.0
0.0
0.0
0.0
0.0
0.0
0.0
0.0
0.0
0.0
0.0
14277.0
0.0
0.0
0.0
0.0
0.0
0.0
0.0
0.0
0.0
0.0
17549.0
0.0
0.0
0.0
0.0
0.0
0.0
0.0
0.0
0.0
0.0
17400.0
0.0
0.0
0.0
0.0
0.0
0.0
0.0
0.0
0.0
0.0
15263.0
0.0
0.0
0.0
0.0
0.0
0.0
0.0
0.0
0.0
0.0
28324.0
0.0
0.0
0.0
0.0
0.0
0.0
0.0
0.0
0.0
11786.0
0.0
0.0
0.0
0.0
0.0
0.0
0.0
0.0
0.0
0.0
0.0
11522.0
0.0
0.0
0.0
0.0
0.0
0.0
0.0
0.0
0.0
0.0
19339.0
0.0
0.0
0.0
0.0
0.0
0.0
0.0
0.0
0.0
0.0
0.0
0.0
0.0
0.0
0.0
0.0
0.0
0.0
0.0
0.0
0.0
12242.0
0.0
0.0
0.0
0.0
0.0
0.0
0.0
0.0
0.0
0.0
211344.0
0.0
0.0
0.0
0.0
0.0
0.0
0.0
0.0
0.0
0.0
6474.0
0.0
0.0
0.0
0.0
0.0
0.0
0.0
0.0
0.0
0.0
5285.0
0.0
0.0
0.0
0.0
0.0
0.0
0.0
0.0
0.0
0.0
4425.0
0.0
0.0
0.0
0.0
0.0
0.0
0.0
0.0
0.0
0.0
6226.0
0.0
0.0
0.0
0.0
0.0
0.0
0.0
0.0
0.0
0.0
4405.0
0.0
0.0
0.0
0.0
0.0
0.0
0.0
0.0
0.0
0.0
4533.0
0.0
0.0
0.0
0.0
0.0
0.0
0.0
0.0
0.0
0.0
2960.0
0.0
0.0
0.0
0.0
0.0
0.0
0.0
0.0
0.0
0.0
3434.0
0.0
0.0
0.0
0.0
0.0
0.0
0.0
0.0
0.0
0.0
4058.0
0.0
0.0
0.0
0.0
0.0
0.0
0.0
0.0
0.0
0.0
0.0
0.0
0.0
0.0
0.0
0.0
0.0
0.0
0.0
0.0
0.0
5401.0
0.0
0.0
0.0
0.0
0.0
0.0
0.0
0.0
0.0
0.0
0.0
0.0
0.0
0.0
0.0
0.0
0.0
0.0
0.0
0.0
0.0
189633.0
0.0
0.0
0.0
0.0
0.0
0.0
0.0
0.0
0.0
0.0
14846.0
0.0
0.0
0.0
0.0
0.0
0.0
0.0
0.0
0.0
0.0
10798.0
0.0
0.0
0.0
0.0
0.0
0.0
0.0
0.0
0.0
0.0
8251.0
0.0
0.0
0.0
0.0
0.0
0.0
0.0
0.0
0.0
0.0
7599.0
0.0
0.0
0.0
0.0
0.0
0.0
0.0
0.0
0.0
0.0
10973.0
0.0
0.0
0.0
0.0
0.0
0.0
0.0
0.0
0.0
0.0
11744.0
0.0
0.0
0.0
0.0
0.0
0.0
0.0
0.0
0.0
0.0
9534.0
0.0
0.0
0.0
0.0
0.0
0.0
0.0
0.0
0.0
0.0
11004.0
0.0
0.0
0.0
0.0
0.0
0.0
0.0
0.0
0.0
0.0
13867.0
0.0
0.0
0.0
0.0
0.0
0.0
0.0
0.0
0.0
0.0
0.0
0.0
0.0
0.0
0.0
0.0
0.0
0.0
0.0
0.0
0.0
26762.0
0.0
0.0
0.0
0.0
0.0
0.0
0.0
0.0
0.0
0.0
12029.0
0.0
0.0
0.0
0.0
0.0
0.0
0.0
0.0
0.0
0.0
11131.0
0.0
0.0
0.0
0.0
0.0
0.0
0.0
0.0
0.0
0.0
12353.0
0.0
0.0
0.0
0.0
0.0
0.0
0.0
0.0
0.0
0.0
13371.0
0.0
0.0
0.0
0.0
0.0
0.0
0.0
0.0
0.0
0.0
81969.0
0.0
0.0
0.0
0.0
0.0
0.0
0.0
0.0
0.0
0.0
8550.0
0.0
0.0
0.0
0.0
0.0
0.0
0.0
0.0
0.0
0.0
6240.0
0.0
0.0
0.0
0.0
0.0
0.0
0.0
0.0
0.0
0.0
5162.0
0.0
0.0
0.0
0.0
0.0
0.0
0.0
0.0
0.0
0.0
4088.0
0.0
0.0
0.0
0.0
0.0
0.0
0.0
0.0
0.0
0.0
0.0
0.0
0.0
0.0
0.0
0.0
0.0
0.0
0.0
0.0
0.0
5906.0
0.0
0.0
0.0
0.0
0.0
0.0
0.0
0.0
0.0
0.0
4213.0
0.0
0.0
0.0
0.0
0.0
0.0
0.0
0.0
0.0
0.0
0.0
0.0
0.0
0.0
0.0
0.0
0.0
0.0
0.0
0.0
0.0
7630.0
0.0
0.0
0.0
0.0
0.0
0.0
0.0
0.0
0.0
0.0
4661.0
0.0
0.0
0.0
0.0
0.0
0.0
0.0
0.0
0.0
0.0
3859.0
0.0
0.0
0.0
0.0
